%YAML:1.0
---
M1: !!opencv-matrix
   rows: 3
   cols: 3
   dt: d
   data: [ 5.4378395290001265e+02, 0., 3.3538625501163119e+02, 0.,
       5.4608885551805065e+02, 2.3673709514946449e+02, 0., 0., 1. ]
D1: !!opencv-matrix
   rows: 1
   cols: 5
   dt: d
   data: [ 5.3058545474024714e-02, -1.5714506173470671e-01,
       -1.5673204248966587e-03, 3.7229196023461793e-03,
       3.8981231451603282e-01 ]
M2: !!opencv-matrix
   rows: 3
   cols: 3
   dt: d
   data: [ 5.5611806422777340e+02, 0., 3.1543962652076493e+02, 0.,
       5.5721371806796083e+02, 2.4085993812651841e+02, 0., 0., 1. ]
D2: !!opencv-matrix
   rows: 1
   cols: 5
   dt: d
   data: [ 7.3267980051042444e-02, -1.5884218307073397e-01,
       4.3994977821530844e-08, -3.6800056363330068e-04,
       1.3572798300955602e-01 ]
R: !!opencv-matrix
   rows: 3
   cols: 3
   dt: d
   data: [ 9.9946345291461902e-01, -9.3566208191148779e-03,
       -3.1388850486033265e-02, 1.0952205606211430e-02,
       9.9863592801259649e-01, 5.1052252396730100e-02,
       3.0868357266730533e-02, -5.1368637603770154e-02,
       9.9820258845105492e-01 ]
T: !!opencv-matrix
   rows: 3
   cols: 1
   dt: d
   data: [ -9.8889534405604509e-02, 2.0647306652807856e-03,
       1.8114654802413005e-02 ]
E: !!opencv-matrix
   rows: 3
   cols: 3
   dt: d
   data: [ -1.3466058004611101e-04, -1.8196007510529747e-02,
       1.1362255654851212e-03, 2.1157492915148929e-02,
       -5.2493126119423951e-03, 9.8143191023195034e-02,
       -3.1466813531729320e-03, -9.8735323059945812e-02,
       -4.9837239477236199e-03 ]
F: !!opencv-matrix
   rows: 3
   cols: 3
   dt: d
   data: [ 1.4038389641608880e-07, 1.8889305588020913e-05,
       -5.1630036042873426e-03, -2.2013354026647222e-05,
       5.4386050900218199e-06, -4.9432101391800536e-02,
       7.0821537985478068e-03, 4.9732223976812873e-02, 1. ]
R1: !!opencv-matrix
   rows: 3
   cols: 3
   dt: d
   data: [ 9.7711249335379924e-01, -2.0452856443925447e-02,
       -2.1173770565302183e-01, 2.5946739694531359e-02,
       9.9939406823102839e-01, 2.3200497491626258e-02,
       2.1113489060585355e-01, -2.8163399083187757e-02,
       9.7705111479437723e-01 ]
R2: !!opencv-matrix
   rows: 3
   cols: 3
   dt: d
   data: [ 9.8342579930081242e-01, -2.0533107138681846e-02,
       -1.8014463295027536e-01, 1.5853629754697205e-02,
       9.9949943445979483e-01, -2.7377781834022411e-02,
       1.8061660968238494e-01, 2.4068070670117264e-02,
       9.8325905451262396e-01 ]
P1: !!opencv-matrix
   rows: 3
   cols: 4
   dt: d
   data: [ 4.5218528261536227e+02, 0., 4.7384121704101563e+02, 0., 0.,
       4.5218528261536227e+02, 2.4026848030090332e+02, 0., 0., 0., 1.,
       0. ]
P2: !!opencv-matrix
   rows: 3
   cols: 4
   dt: d
   data: [ 4.5218528261536227e+02, 0., 4.7384121704101563e+02,
       -4.5470021322088492e+01, 0., 4.5218528261536227e+02,
       2.4026848030090332e+02, 0., 0., 0., 1., 0. ]
Q: !!opencv-matrix
   rows: 4
   cols: 4
   dt: d
   data: [ 1., 0., 0., -4.7384121704101563e+02, 0., 1., 0.,
       -2.4026848030090332e+02, 0., 0., 0., 4.5218528261536227e+02, 0.,
       0., 9.9446903579017913e+00, 0. ]
